122.782 52.5635 123.314 52.3431
127.1 50.4498 123.314 52.3431
122.55 52.65 122.782 52.5635
120.638 52.7681 120.343 52.6569
120.343 52.6569 119.172 52.1716
118.554 51.554 119.172 52.1716
118.153 50.8466 118.554 51.554
117.647 49.5882 118.153 50.8466
117.538 49 117.462 48.3845
117.462 48.3845 117.071 46.9289
117.071 46.9289 116.686 46
116.686 46 116.292 44.7639
116.292 44.7639 116.248 44.5767
92.1935 44.387 95.0495 43.9505
95.0495 43.9505 96.9334 44.1824
91.9217 44.5362 92.1935 44.387
91.8882 44.5544 91.9217 44.5362
90.2228 45.4456 91.8882 44.5544
90.1385 45.4923 90.2228 45.4456
90.1065 45.5108 85.1342 48.4227
84.8882 48.5544 85.1342 48.4227
84.8 48.6 84.8882 48.5544
84.5685 48.7056 79.1508 50.9497
78.7 51.1 79.1508 50.9497
78.7 51.1 78 51.2719
78 51.2719 77 51.4342
77 51.4342 76.5916 51.4833
76.5916 51.4833 75.6342 51.3135
75.6342 51.3135 75.0527 50.9473
75.0527 50.9473 74.6754 50.6754
74.6754 50.6754 73.8284 49.8284
73.3431 48.6569 73.8284 49.8284
73 47 73.3431 48.6569
73 47 73 45
73 45 73.0303 44.5076
73.0303 44.5076 73.339 42
73.339 42 73.2632 40.3158
73.2632 40.3158 73.2143 40.0714
73.2143 40.0714 73.1631 39.8369
73.1631 39.8369 72.8766 38.6234
70.8541 38.1459 72.8766 38.6234
73.125 38.375 72.8766 38.6234
69.6667 38 70.8541 38.1459
69.3333 38 69.6667 38
69 38.0137 69.3333 38
63.2483 38.4897 69 38.0137
63 38.5 63.2483 38.4897
63 38.5 61.5 38.5
61.5 38.5 61.5 38.5
61.5 38.5 58.5 38.5
58.5 38.5 58 39
58.5 37.5 58.5 38.5
58 39 56.7825 40.0106
56.7825 40.0106 56.4806 40.218
55.9057 40.0943 56.4806 40.218
55.9286 42.9286 56.4806 40.218
52.5321 39.4679 55.9057 40.0943
51 39.4614 52.5321 39.4679
50 39.6737 51 39.4614
49.4845 39.8402 50 39.6737
49.2909 39.9363 46.6546 41.3872
46.6546 41.3872 40.8716 44.7432
40.8716 44.7432 39.7857 45.1786
39.7857 45.1786 39.3 45.3
39.3 45.3 37.5 45.5
36.921 46.4605 37.5 45.5
37.5 45.5 37.5 45.5
35.5964 48.2982 36.921 46.4605
35 49 35.5964 48.2982
35 49 35 49
35 49 34.1672 50.0557
34.1672 50.0557 33.3607 51.3607
33.3607 51.3607 33.0324 51.8454
33.0324 51.8454 31.9832 53.2659
83.4907 25.6437 81.1322 28.916
81.1322 28.916 78.9894 31.5298
78.9894 31.5298 74.7846 36.2277
74.7846 36.2277 74.1672 37.0557
74.1672 37.0557 74.1246 37.1246
74.1246 37.1246 73.125 38.375
34.2994 18.0235 34.682 18.182
32.5164 17.4836 34.2994 18.0235
34.682 18.182 34.818 18.318
34.8916 18.4956 34.818 18.318
35.0086 18.9914 34.8916 18.4956
35.1096 21 35.0086 18.9914
35.0766 21.2033 35.1096 21
34.6525 23 35.0766 21.2033
34.5906 23.2263 34.6525 23
34.3826 23.6913 34.5906 23.2263
33.3058 25.6529 34.3826 23.6913
33.25 25.75 33.3058 25.6529
33.1266 25.9388 31.5873 28.106
31.5873 28.106 29.4509 30.9672
29.4509 30.9672 28.9001 32
28.9001 32 28.7378 32.4482
28.7378 32.4482 28.7263 32.4797
28.7263 32.4797 28.5338 33
28.5338 33 28.1441 35.6057
28.3182 35.6364 28.1441 35.6057
24.6621 38.3243 28.1441 35.6057
28.3571 35.6429 28.3182 35.6364
30 36.1005 28.3571 35.6429
31.3431 36.6569 30 36.1005
32 36.875 31.3431 36.6569
32.0556 36.8889 32 36.875
32.9 37.2 32.0556 36.8889
33.4605 37.5395 33.7434 37.7434
33.7434 37.7434 35.1459 39.1459
35.4164 39.5836 35.1459 39.1459
35.8 40.4 35.4164 39.5836
35.9473 41 36.0527 41.6491
36.0527 41.6491 36.3431 42.6569
36.3431 42.6569 37.3137 45
37.3137 45 37.5 45.5
15.4538 46.5462 16.3298 46.1487
16.3298 46.1487 21.4548 41.1457
21.4548 41.1457 21.6459 40.9689
21.6459 40.9689 23.0179 39.7656
23.0179 39.7656 23.0386 39.7474
23.0386 39.7474 24.3753 38.5629
24.3753 38.5629 24.6621 38.3243
11.4142 27.5858 13.2028 26.8449
13.2028 26.8449 15.3429 24.8631
19.9659 21.7936 15.3429 24.8631
20.3 21.6 19.9659 21.7936
24.6418 19.4291 20.3 21.6
26.3345 18.669 24.6418 19.4291
26.4483 18.6207 26.3345 18.669
26.5298 18.5895 29.4516 17.5192
29.5019 17.5058 29.4516 17.5192
29.6923 17.4615 29.5019 17.5058
30 17.4157 31 17.3167
31 17.3167 32.5164 17.4836
64.2111 23.5777 59.4 33.2
64.7639 21.2361 64.2111 23.5777
59.4 33.2 59.1115 34
59.1115 34 58.8885 34.9443
58.8885 34.9443 58.875 35
58.875 35 58.7 35.7
58.7 35.7 58.5 37.5
168.16 29.6804 168.438 29.7002
168.438 29.7002 168.466 29.7067
167 29.7281 168.16 29.6804
165.797 29.9234 167 29.7281
165 30.1115 165.797 29.9234
164.2 30.4 165 30.1115
164.2 30.4 163.844 30.5778
162.223 31.4456 163.844 30.5778
162.138 31.4923 162.223 31.4456
162.106 31.5108 157.075 34.4576
157.075 34.4576 157.001 34.5018
157.001 34.5018 156.895 34.5671
156.895 34.5671 156 34.968
156 34.968 155 35.2708
155 35.2708 153.333 35.5
153.333 35.5 152.812 35.5
152.812 35.5 152.505 35.4948
152.505 35.4948 150.395 35.4245
149.918 35.9386 150.395 35.4245
150.274 33.7258 150.395 35.4245
149.43 36.4295 149.918 35.9386
143.97 41.5372 149.43 36.4295
143.75 41.75 143.97 41.5372
143.75 41.75 141.75 43.75
141.75 43.75 141.269 44.2692
141.269 44.2692 140.833 44.7778
140.833 44.7778 140.041 45.8368
137.354 45.6459 140.041 45.8368
140.318 46.6818 140.041 45.8368
135.342 45.7895 137.354 45.6459
135.214 45.8214 135.342 45.7895
134.128 46.2568 135.214 45.8214
130.253 48.5058 134.128 46.2568
130.077 48.6154 130.253 48.5058
130.077 48.6154 128.923 49.3846
128.923 49.3846 128.747 49.4942
128.747 49.4942 127.1 50.4498
150.469 30.2738 150.281 32.3597
150.281 32.3597 150.274 33.7258
185.855 53.0052 179.141 53.4232
190.752 52.5999 185.855 53.0052
177.829 53.636 179.141 53.4232
177.731 53.6538 177.829 53.636
177.667 53.6674 169.619 55.4771
169.619 55.4771 169.587 55.4846
169.587 55.4846 169.347 55.5412
169.347 55.5412 165.394 56.5743
165.394 56.5743 165.319 56.5929
165.319 56.5929 160.353 57.7651
160.353 57.7651 160 57.8302
160 57.8302 158.732 58
158.732 58 155.325 58
155 57.9473 155.325 58
154.4 57.8 155 57.9473
153.929 57.607 152.805 57.0573
152.805 57.0573 151.219 56.1368
150.789 55.8162 151.219 56.1368
150.607 55.6721 150.789 55.8162
150.458 55.5423 145.588 51.0948
145.588 51.0948 142.357 49.6429
142.357 49.6429 141.367 49.4778
141 48.5 141.367 49.4778
141.364 49.4848 141.367 49.4778
169.879 29.1213 168.466 29.7067
139.25 53.75 141.125 50
141.125 50 141.364 49.4848
53.6881 48.9245 54.4531 46.3981
54.4531 46.3981 54.7868 45.7156
54.7868 45.7156 55.5584 43.8528
55.5584 43.8528 55.5833 43.7917
55.5833 43.7917 55.9286 42.9286
9 79 9 80
9 79 9.11146 78.0557
9 80 9.05267 80.6491
9.05267 80.6491 9.43291 82.9923
9.87539 83.7082 9.43291 82.9923
10.5 84.5 9.87539 83.7082
11.1459 85.1459 10.5 84.5
12.8197 86.1803 11.1459 85.1459
13.2583 86.4083 12.8197 86.1803
14 86.5 13.2583 86.4083
14 86.5 20 86.5
20 86.5 21.2426 86.2426
21.2426 86.2426 21.2678 86.2322
21.2678 86.2322 23.25 84.25
23.25 84.25 23.527 83.9383
23.6 83.8 23.527 83.9383
24.6 81.8 23.6 83.8
24.6 81.8 24.6867 81.6133
24.6867 81.6133 25.2605 80.2795
28.6348 70.5945 25.2605 80.2795
28.65 70.55 28.6348 70.5945
28.65 70.55 32.65 58.55
32.65 58.55 32.6996 56.3004
32.6996 56.3004 31.9832 53.2659
31.7532 53.2468 31.9832 53.2659
27.98 53.96 31.7532 53.2468
26.0585 55.1169 27.98 53.96
25.7838 55.2973 26.0585 55.1169
25.5103 55.5103 25.3022 55.6866
25.3022 55.6866 19.6706 60.8294
19.6706 60.8294 18.8744 61.6256
15.7446 65.2343 18.8744 61.6256
15.5147 65.5147 15.7446 65.2343
15.2692 65.8462 15.5147 65.5147
15.2153 65.9292 13.812 68.1467
13.812 68.1467 12.1618 70.8971
12.1618 70.8971 11.9418 71.3139
11.9418 71.3139 11.0968 73.151
11.0968 73.151 10.7218 74.0563
10.7218 74.0563 9.45967 76.5807
9.11146 78.0557 9.45967 76.5807
97.0367 44 96.9334 44.1824
97.7571 42.9286 97.0367 44
97.2721 45 96.9334 44.1824
97.5 45.5 97.2721 45
98 46.5 97.5 45.5
98 46.5 98.5658 47.4342
98.5658 47.4342 99.242 48.3723
100.929 49.0711 99.242 48.3723
101.345 49.2262 100.929 49.0711
103 49.1246 101.345 49.2262
104 48.8885 103 49.1246
104.8 48.6 104 48.8885
104.8 48.6 106.8 47.6
106.8 47.6 106.888 47.5544
106.888 47.5544 111.14 45.2791
111.14 45.2791 112 44.9419
112 44.9419 113 44.6763
113 44.6763 114.429 44.5
114.429 44.5 114.875 44.5
114.875 44.5 115.478 44.522
115.478 44.522 116.248 44.5767
118.084 42.0282 116.248 44.5767
118.356 41.678 118.084 42.0282
118.7 41.2663 118.356 41.678
118.947 40.9473 118.7 41.2663
119.728 39.8641 118.947 40.9473
119.972 39.5517 119.728 39.8641
122.531 36.5311 119.972 39.5517
122.721 36.2905 122.531 36.5311
125.104 33.0345 122.721 36.2905
125.558 32.1684 125.104 33.0345
125.8 31.6 125.558 32.1684
125.987 30.6733 125.657 29.3431
125.657 29.3431 125.525 29.0251
125.525 29.0251 124.975 28.4749
123.243 27.7574 124.975 28.4749
122 27.5 123.243 27.7574
122 27.5 121 27.5
121 27.5 120.631 27.5227
120.631 27.5227 120.301 27.5633
116.683 28.7331 120.301 27.5633
116.517 28.7931 116.683 28.7331
116.418 28.8354 115.626 29.1907
114.44 29.8794 115.626 29.1907
114.308 29.9615 114.44 29.8794
114.251 30.0008 112.722 31.0825
112.722 31.0825 112 31.4444
112 31.4444 109.667 32.2222
109.667 32.2222 109.552 32.2622
109.552 32.2622 108.944 32.4823
103.484 37.1813 108.944 32.4823
103.428 37.231 103.484 37.1813
103.325 37.325 100.646 39.8513
100.646 39.8513 100.386 40.0794
100.386 40.0794 100.218 40.2176
100.218 40.2176 99.6099 40.805
99.6099 40.805 98.0788 42.5394
98.0788 42.5394 97.8636 42.7955
97.8636 42.7955 97.7571 42.9286
122.55 52.65 120.638 52.7681
117.647 49.5882 117.538 49
90.1385 45.4923 90.1065 45.5108
84.8 48.6 84.5685 48.7056
49.4845 39.8402 49.2909 39.9363
33.25 25.75 33.1266 25.9388
32.9 37.2 33.4605 37.5395
35.8 40.4 35.9473 41
26.4483 18.6207 26.5298 18.5895
29.6923 17.4615 30 17.4157
162.138 31.4923 162.106 31.5108
177.731 53.6538 177.667 53.6674
154.4 57.8 153.929 57.607
150.607 55.6721 150.458 55.5423
141 48.5 140.318 46.6818
25.7838 55.2973 25.5103 55.5103
15.2692 65.8462 15.2153 65.9292
125.8 31.6 125.987 30.6733
116.517 28.7931 116.418 28.8354
114.308 29.9615 114.251 30.0008
103.428 37.231 103.325 37.325
